108
108
107
108
107
108
108
108
107
108
107
107
107
108
108
108
108
108
108
107
108
108
108
107
108
108
108
108
108
108
108
109
108
108
109
109
109
109
109
109
109
109
109
108
109
109
109
109
109
110
109
110
110
110
109
109
109
109
110
110
110
109
109
109
110
110
110
109
110
110
109
108
108
107
107
106
105
104
104
103
102
102
102
102
100
98
98
98
98
97
98
98
98
98
97
98
98
99
100
102
104
104
106
107
108
110
110
110
110
110
112
111
112
112
112
113
113
113
113
114
114
114
114
113
114
114
115
118
123
126
127
126
123
116
102
83
63
47
22
12
28
42
57
71
78
84
91
99
103
105
107
107
109
108
110
110
113
114
113
112
112
112
113
114
114
113
111
112
113
113
113
112
111
110
110
112
113
112
111
110
110
110
111
111
110
110
108
108
108
109
109
107
107
106
105
105
106
106
104
104
103
102
102
102
101
101
100
99
99
99
99
98
98
96
96
95
96
96
95
95
94
94
94
94
94
94
94
95
96
96
98
99
99
100
101
101
102
104
104
105
105
106
106
106
107
107
107
107
107
107
107
107
108
108
108
107
107
107
107
107
107
107
107
107
107
107
107
107
107
107
108
107
106
106
107
107
108
106
107
105
106
106
107
107
107
106
106
107
107
107
107
106
107
107
107
107
108
107
107
107
107
108
108
108
107
108
107
108
109
109
109
108
108
109
108
109
110
110
109
109
109
110
110
110
109
110
109
109
110
110
109
